[gd_scene load_steps=37 format=3 uid="uid://ddngeqxc6kw0n"]

[ext_resource type="PackedScene" uid="uid://c8sw74wxvvmb1" path="res://assets/models/player/character/player.rigged.blend" id="1_v3c62"]
[ext_resource type="Environment" uid="uid://g7s3pnn5xp4p" path="res://styles/environments/primary_environment.tres" id="2_e58tw"]
[ext_resource type="Script" path="res://scripts/various/state_machines/look_machine.gd" id="6_po2jb"]
[ext_resource type="Script" path="res://scripts/player/states/look/player_look.gd" id="7_gdqmi"]
[ext_resource type="Script" path="res://scripts/player/states/look/player_pause.gd" id="8_6862y"]
[ext_resource type="Script" path="res://scripts/various/state_machines/weapon_machine.gd" id="9_y8rgp"]
[ext_resource type="Script" path="res://scripts/player/weapons/states/sawed_off.gd" id="10_srx6p"]
[ext_resource type="Script" path="res://scripts/various/state_machines/movement_machine.gd" id="11_swpt4"]
[ext_resource type="Script" path="res://scripts/player/states/player_idle.gd" id="12_hasfw"]
[ext_resource type="Script" path="res://scripts/player/states/player_crouch.gd" id="13_wuqf5"]
[ext_resource type="Script" path="res://scripts/player/states/player_sprint.gd" id="14_n3si2"]
[ext_resource type="Script" path="res://scripts/player/states/player_walk.gd" id="15_juhjl"]
[ext_resource type="Script" path="res://scripts/various/state_machines/jump_machine.gd" id="16_wcqta"]
[ext_resource type="Script" path="res://scripts/player/states/player_jump.gd" id="17_exjk3"]
[ext_resource type="Script" path="res://scripts/player/states/player_fall.gd" id="18_s4paw"]
[ext_resource type="Script" path="res://scripts/player/states/player_ground_idle.gd" id="19_cssnc"]
[ext_resource type="Script" path="res://scripts/various/state_machines/health_machine.gd" id="20_gnvqx"]
[ext_resource type="Script" path="res://scripts/player/states/health/health_normal.gd" id="21_io2ir"]
[ext_resource type="Script" path="res://scripts/player/states/health/health_low.gd" id="22_bmfy0"]
[ext_resource type="Script" path="res://scripts/player/states/health/health_zero.gd" id="23_82rl3"]
[ext_resource type="Script" path="res://scripts/various/state_machines/damage_machine.gd" id="24_xh08w"]
[ext_resource type="Script" path="res://scripts/player/states/damage/damage_lava.gd" id="25_r4icw"]
[ext_resource type="Script" path="res://scripts/player/states/damage/damage_safe.gd" id="26_eqmbh"]
[ext_resource type="PackedScene" uid="uid://yqh4nksms18t" path="res://nodes/player/HeadsUpDisplay.tscn" id="27_euvw4"]
[ext_resource type="PackedScene" uid="uid://bhe4g8hhy6h80" path="res://nodes/menus/player/PauseMenu.tscn" id="28_btsrm"]
[ext_resource type="PackedScene" uid="uid://d3uacef8ml2pc" path="res://nodes/menus/player/GameOver.tscn" id="29_7thsv"]

[sub_resource type="CapsuleShape3D" id="CapsuleShape3D_07ahk"]
radius = 0.67
height = 6.13

[sub_resource type="CylinderShape3D" id="CylinderShape3D_xyru3"]
height = 1.2
radius = 0.8

[sub_resource type="CylinderShape3D" id="CylinderShape3D_07k84"]
height = 0.8

[sub_resource type="Animation" id="Animation_bt2gl"]
length = 0.001
tracks/0/type = "position_3d"
tracks/0/imported = false
tracks/0/enabled = true
tracks/0/path = NodePath("metarig/GeneralSkeleton:spine")
tracks/0/interp = 1
tracks/0/loop_wrap = true
tracks/0/keys = PackedFloat32Array(0, 1, -3.62408e-10, 0.550534, -0.0841935)
tracks/1/type = "rotation_3d"
tracks/1/imported = false
tracks/1/enabled = true
tracks/1/path = NodePath("metarig/GeneralSkeleton:spine.001")
tracks/1/interp = 1
tracks/1/loop_wrap = true
tracks/1/keys = PackedFloat32Array(0, 1, -0.0662949, 2.40506e-07, 2.58107e-09, 0.9978)
tracks/2/type = "position_3d"
tracks/2/imported = false
tracks/2/enabled = true
tracks/2/path = NodePath("metarig/GeneralSkeleton:head")
tracks/2/interp = 1
tracks/2/loop_wrap = true
tracks/2/keys = PackedFloat32Array(0, 1, -1.19904e-15, 0.862876, -2.23517e-09)

[sub_resource type="Animation" id="Animation_u27mq"]
resource_name = "crouch"
length = 0.001
tracks/0/type = "position_3d"
tracks/0/imported = false
tracks/0/enabled = true
tracks/0/path = NodePath("metarig/GeneralSkeleton:spine")
tracks/0/interp = 1
tracks/0/loop_wrap = true
tracks/0/keys = PackedFloat32Array(0, 1, 0.000474975, -0.614525, -0.084525)
tracks/1/type = "rotation_3d"
tracks/1/imported = false
tracks/1/enabled = true
tracks/1/path = NodePath("metarig/GeneralSkeleton:spine.001")
tracks/1/interp = 1
tracks/1/loop_wrap = true
tracks/1/keys = PackedFloat32Array(0, 1, 0.828475, 0.000474975, 0.000474975, 0.997475)
tracks/2/type = "position_3d"
tracks/2/imported = false
tracks/2/enabled = true
tracks/2/path = NodePath("metarig/GeneralSkeleton:head")
tracks/2/interp = 1
tracks/2/loop_wrap = true
tracks/2/keys = PackedFloat32Array(0, 1, 0.000474975, 0.817475, 0.045475)
tracks/3/type = "rotation_3d"
tracks/3/imported = false
tracks/3/enabled = true
tracks/3/path = NodePath("metarig/GeneralSkeleton:head")
tracks/3/interp = 1
tracks/3/loop_wrap = true
tracks/3/keys = PackedFloat32Array(0, 1, -0.182525, 0.000474975, 0.000474975, 0.999475)
tracks/4/type = "position_3d"
tracks/4/imported = false
tracks/4/enabled = true
tracks/4/path = NodePath("metarig/GeneralSkeleton:spine.001")
tracks/4/interp = 1
tracks/4/loop_wrap = true
tracks/4/keys = PackedFloat32Array(0, 1, 0.000474975, 0.374475, 0.000474975)
tracks/5/type = "rotation_3d"
tracks/5/imported = false
tracks/5/enabled = true
tracks/5/path = NodePath("metarig/GeneralSkeleton:spine")
tracks/5/interp = 1
tracks/5/loop_wrap = true
tracks/5/keys = PackedFloat32Array(0, 1, -0.447525, 0.000474975, 0.000474975, 0.997475)

[sub_resource type="Animation" id="Animation_fbqg8"]
resource_name = "idle"
tracks/0/type = "position_3d"
tracks/0/imported = false
tracks/0/enabled = true
tracks/0/path = NodePath("metarig/GeneralSkeleton:spine")
tracks/0/interp = 1
tracks/0/loop_wrap = true
tracks/0/keys = PackedFloat32Array(0, 1, -3.62408e-10, 0.550534, -0.0841935)
tracks/1/type = "rotation_3d"
tracks/1/imported = false
tracks/1/enabled = true
tracks/1/path = NodePath("metarig/GeneralSkeleton:spine.001")
tracks/1/interp = 1
tracks/1/loop_wrap = true
tracks/1/keys = PackedFloat32Array(0, 1, -0.0662949, 2.40506e-07, 2.58107e-09, 0.9978)
tracks/2/type = "position_3d"
tracks/2/imported = false
tracks/2/enabled = true
tracks/2/path = NodePath("metarig/GeneralSkeleton:head")
tracks/2/interp = 1
tracks/2/loop_wrap = true
tracks/2/keys = PackedFloat32Array(0, 1, -1.19904e-15, 0.862876, -2.23517e-09)

[sub_resource type="AnimationLibrary" id="AnimationLibrary_as1kq"]
_data = {
"RESET": SubResource("Animation_bt2gl"),
"crouch": SubResource("Animation_u27mq"),
"idle": SubResource("Animation_fbqg8")
}

[sub_resource type="AnimationNodeAnimation" id="AnimationNodeAnimation_qm3g4"]
animation = &"idle"

[sub_resource type="AnimationNodeStateMachineTransition" id="AnimationNodeStateMachineTransition_acksb"]
advance_mode = 2

[sub_resource type="AnimationNodeStateMachine" id="AnimationNodeStateMachine_l47sr"]
states/Start/position = Vector2(141, 91)
states/idle/node = SubResource("AnimationNodeAnimation_qm3g4")
states/idle/position = Vector2(316, 117)
transitions = ["Start", "idle", SubResource("AnimationNodeStateMachineTransition_acksb")]

[node name="Player" groups=["player"] instance=ExtResource("1_v3c62")]
process_mode = 1

[node name="Pivot" type="Node3D" parent="metarig" index="0"]
transform = Transform3D(1, 0, 0, 0, 1, 0, 0, 0, 1, 0, 2.191, 0.0870321)

[node name="Camera3D" type="Camera3D" parent="metarig/Pivot" index="0"]
transform = Transform3D(-1, 1.69879e-13, 8.74214e-08, 1.90722e-13, 1, 2.38419e-07, -8.74214e-08, 2.38419e-07, -1, 0, 0, 0)
environment = ExtResource("2_e58tw")
current = true

[node name="Weapons" type="Node3D" parent="metarig/Pivot/Camera3D" index="0"]
transform = Transform3D(1, -5.0822e-21, 0, -5.0822e-21, 1, 0, 0, 0, 1, 0.758, -1.05902, -2.24919)

[node name="GeneralSkeleton" parent="metarig" index="1"]
unique_name_in_owner = false
bones/0/position = Vector3(-3.62408e-10, 0.550534, -0.0841935)
bones/0/rotation = Quaternion(0.0718356, -1.21045e-07, -1.07075e-08, 0.997416)
bones/1/rotation = Quaternion(-0.0662949, 2.40506e-07, 2.58107e-09, 0.9978)
bones/2/position = Vector3(-1.19904e-15, 0.862876, -2.23517e-09)
bones/2/rotation = Quaternion(0.0420212, 7.19505e-15, 1.00186e-08, 0.999117)
bones/3/rotation = Quaternion(-1.2117e-07, 0.0479865, 0.998848, 4.93815e-08)
bones/3/scale = Vector3(-1, -1, -1)
bones/4/rotation = Quaternion(1, 0, 0, -1.11518e-08)
bones/5/rotation = Quaternion(-0.617635, 0.353004, 0.349057, 0.60998)
bones/5/scale = Vector3(1, 1, 1)
bones/6/rotation = Quaternion(0.17052, -0.712092, 0.166897, 0.660298)
bones/6/scale = Vector3(1, 1, 1)
bones/7/rotation = Quaternion(0.0510155, 0.0205837, -0.0032374, 0.99848)
bones/8/rotation = Quaternion(-0.0325278, -0.0616052, -0.0650386, 0.995448)
bones/9/rotation = Quaternion(0.00976354, -3.26588e-08, 0.0610769, 0.998085)
bones/10/rotation = Quaternion(0.00178467, -5.94015e-12, -0.000270414, 0.999998)
bones/11/rotation = Quaternion(-0.00178467, -3.56406e-09, 0.000270411, 0.999998)
bones/13/rotation = Quaternion(1.04179e-08, 0.997175, 3.7801e-08, -0.0751165)
bones/13/scale = Vector3(1, 1, 1)
bones/14/rotation = Quaternion(1.04469e-08, 0.997175, 3.77988e-08, -0.0751165)
bones/14/scale = Vector3(1, 1, 1)
bones/15/rotation = Quaternion(-0.000135578, 0.997173, -0.0017999, -0.0751164)
bones/16/rotation = Quaternion(1.79717e-15, -1.31839e-16, -3.03631e-09, 1)
bones/17/rotation = Quaternion(4.32494e-10, -4.16334e-17, -3.26035e-10, 1)
bones/19/rotation = Quaternion(1.04217e-08, 0.997175, 3.78753e-08, -0.0751165)
bones/19/scale = Vector3(1, 1, 1)
bones/20/rotation = Quaternion(1.04217e-08, 0.997175, 3.78753e-08, -0.0751165)
bones/20/scale = Vector3(1, 1, 1)
bones/21/rotation = Quaternion(1.07143e-08, 0.997175, 3.8331e-08, -0.0751165)
bones/23/rotation = Quaternion(4.32495e-10, -1.38778e-16, -3.36236e-09, 1)
bones/25/rotation = Quaternion(1.04217e-08, 0.997175, 3.78753e-08, -0.0751165)
bones/25/scale = Vector3(1, 1, 1)
bones/26/rotation = Quaternion(1.04217e-08, 0.997175, 3.78753e-08, -0.0751165)
bones/26/scale = Vector3(1, 1, 1)
bones/27/rotation = Quaternion(1.37421e-08, 0.997175, 3.85591e-08, -0.0751165)
bones/27/scale = Vector3(1, 1, 1)
bones/29/rotation = Quaternion(4.32494e-10, 4.16334e-17, 2.43426e-09, 1)
bones/31/rotation = Quaternion(1.04217e-08, 0.997175, 3.78753e-08, -0.0751165)
bones/31/scale = Vector3(1, 1, 1)
bones/32/rotation = Quaternion(1.04217e-08, 0.997175, 3.78753e-08, -0.0751165)
bones/32/scale = Vector3(1, 1, 1)
bones/33/rotation = Quaternion(7.96183e-09, 0.997175, 3.81237e-08, -0.0751165)
bones/34/rotation = Quaternion(4.32495e-10, -1.38778e-16, -3.36236e-09, 1)
bones/35/rotation = Quaternion(1.37421e-08, 0.997175, 3.85591e-08, -0.0751165)
bones/35/scale = Vector3(1, 0.999999, 1)
bones/36/rotation = Quaternion(0.440815, -0.0283473, -0.0381778, 0.896338)
bones/37/rotation = Quaternion(-0.259994, -4.83635e-08, 0.0731373, 0.962836)
bones/38/rotation = Quaternion(-0.0949738, 1.52082e-09, 0.0267165, 0.995121)
bones/38/scale = Vector3(1, 1, 1)
bones/39/rotation = Quaternion(-0.0112734, 0.98724, -0.0817065, -0.136214)
bones/39/scale = Vector3(1, 1, 0.999999)
bones/40/rotation = Quaternion(-0.0246572, 0.974362, -0.178709, -0.134437)
bones/40/scale = Vector3(1, 1, 0.999999)
bones/41/rotation = Quaternion(-0.0173998, 0.982556, -0.126109, -0.135567)
bones/41/scale = Vector3(1, 1, 1)
bones/42/rotation = Quaternion(-0.0616377, 0.995265, 0.00514811, -0.0749726)
bones/42/scale = Vector3(1, 1, 1)
bones/43/rotation = Quaternion(0.00549511, 0.99953, -0.0261702, -0.0149879)
bones/43/scale = Vector3(1, 1, 0.999999)
bones/44/rotation = Quaternion(0.00741935, 0.99902, 0.0247965, -0.0359042)
bones/44/scale = Vector3(1, 1, 1)
bones/46/rotation = Quaternion(0.17052, 0.712092, -0.166897, 0.660298)
bones/47/rotation = Quaternion(0.0510155, -0.0205837, 0.00323741, 0.99848)
bones/48/rotation = Quaternion(-0.0325278, 0.0616052, 0.0650386, 0.995448)
bones/48/scale = Vector3(1, 1, 1)
bones/49/rotation = Quaternion(0.00976354, 1.09057e-08, -0.0610769, 0.998085)
bones/50/rotation = Quaternion(0.00178467, -3.71836e-09, 0.000270415, 0.999998)
bones/51/rotation = Quaternion(-0.00178467, 3.65635e-09, -0.000270411, 0.999998)
bones/53/scale = Vector3(-1, -1, -1)
bones/54/scale = Vector3(-1, -1, -1)
bones/55/rotation = Quaternion(-0.0751164, 0.00179994, 0.997173, 0.000135608)
bones/55/scale = Vector3(-1, -1, -1)
bones/59/rotation = Quaternion(-0.0751165, 7.97473e-10, 0.997175, 1.84962e-08)
bones/59/scale = Vector3(-1, -1, -1)
bones/60/rotation = Quaternion(-0.0751165, 7.97472e-10, 0.997175, 1.84962e-08)
bones/60/scale = Vector3(-1, -1, -1)
bones/61/rotation = Quaternion(-0.0751165, 1.19895e-08, 0.997175, 1.84973e-08)
bones/61/scale = Vector3(-1, -1, -1)
bones/64/rotation = Quaternion(1.91263e-17, -3.72529e-09, -6.62602e-16, 1)
bones/65/rotation = Quaternion(-0.0751165, 7.97491e-10, 0.997175, 1.84962e-08)
bones/65/scale = Vector3(-1, -1, -1)
bones/66/rotation = Quaternion(-0.0751165, 7.97478e-10, 0.997175, 1.84962e-08)
bones/66/scale = Vector3(-1, -1, -1)
bones/67/rotation = Quaternion(-0.0751165, 1.22769e-08, 0.997175, 2.23125e-08)
bones/67/scale = Vector3(-1, -1, -1)
bones/70/rotation = Quaternion(1.91263e-17, -3.72529e-09, -6.62602e-16, 1)
bones/71/rotation = Quaternion(-0.0751165, 5.81467e-10, 0.997175, 1.848e-08)
bones/71/scale = Vector3(-1, -1, -1)
bones/72/rotation = Quaternion(-0.0751165, 5.81467e-10, 0.997175, 1.848e-08)
bones/72/scale = Vector3(-1, -1, -1)
bones/73/rotation = Quaternion(-0.0751165, 1.30547e-09, 0.997175, 2.04293e-08)
bones/73/scale = Vector3(-1, -1, -1)
bones/75/scale = Vector3(-1, -0.999999, -1)
bones/76/rotation = Quaternion(0.440815, 0.0283473, 0.0381778, 0.896338)
bones/77/rotation = Quaternion(-0.259994, 1.064e-08, -0.0731373, 0.962836)
bones/78/rotation = Quaternion(-0.0949738, -2.00046e-08, -0.0267165, 0.995121)
bones/79/scale = Vector3(-1, -1, -1)
bones/80/rotation = Quaternion(-0.134437, 0.178709, 0.974362, 0.0246573)
bones/80/scale = Vector3(-1, -1, -1)
bones/81/rotation = Quaternion(-0.135567, 0.126109, 0.982555, 0.0173998)
bones/81/scale = Vector3(-1, -1, -1)
bones/82/rotation = Quaternion(-0.0751239, -0.00195257, 0.996987, 0.0192233)
bones/82/scale = Vector3(-1, -1, -1)
bones/83/rotation = Quaternion(-0.0149879, 0.0261703, 0.99953, -0.00549509)
bones/83/scale = Vector3(-1, -1, -1)
bones/84/rotation = Quaternion(-0.0359042, -0.0247965, 0.99902, -0.00741933)
bones/84/scale = Vector3(-1, -1, -1)
bones/85/rotation = Quaternion(-1.19468e-07, 0.00597131, 0.999982, 4.44224e-08)
bones/86/rotation = Quaternion(0.994219, 2.13595e-08, -1.21659e-07, 0.107374)
bones/86/scale = Vector3(1, 1, 1)
bones/87/rotation = Quaternion(0.0732008, -1.18457e-07, -2.8349e-09, 0.997317)
bones/88/rotation = Quaternion(-0.714979, -1.08348e-06, 1.27848e-06, 0.699146)
bones/89/rotation = Quaternion(-0.0268012, 4.36989e-08, 8.82872e-08, 0.999641)
bones/90/rotation = Quaternion(-0.725804, 1.14806e-06, 1.21132e-06, 0.687901)
bones/90/scale = Vector3(1, 1, 0.999995)
bones/91/rotation = Quaternion(-0.73346, -5.13184e-08, 2.30245e-07, 0.679733)
bones/92/rotation = Quaternion(-0.0379908, 1.02669e-07, -4.28284e-07, 0.999278)
bones/93/rotation = Quaternion(0.035259, 1.54806e-08, -4.26953e-07, 0.999378)
bones/93/scale = Vector3(1, 1, 0.999995)
bones/94/rotation = Quaternion(0.994219, 2.13595e-08, -1.21659e-07, 0.107374)
bones/94/scale = Vector3(1, 1, 1)
bones/95/rotation = Quaternion(0.0732008, 1.19322e-07, 1.46175e-08, 0.997317)
bones/95/scale = Vector3(1, 1, 1)
bones/96/rotation = Quaternion(-0.714979, 1.08348e-06, -1.27848e-06, 0.699146)
bones/97/rotation = Quaternion(-0.0268012, -4.36989e-08, -8.82872e-08, 0.999641)

[node name="Head" parent="metarig/GeneralSkeleton" index="0"]
transform = Transform3D(1, 8.64564e-08, -8.38625e-10, -8.64571e-08, 1, -0.000834763, -7.66505e-10, -0.000834748, -1, -1.17088e-09, 2.25924, 0.0359897)

[node name="MiddleFinger_003_R" parent="metarig/GeneralSkeleton" index="1"]
transform = Transform3D(-3.94718e-07, -0.999986, -0.00522601, -0.955363, 0.00154435, -0.295433, -0.295437, -0.00499245, 0.955349, -1.7374, 1.36276, 0.537626)

[node name="MiddleFinger_002_R" parent="metarig/GeneralSkeleton" index="2"]
transform = Transform3D(2.99769e-08, -0.999993, -0.0036093, 1, -2.97735e-06, 0.000836074, -0.000836059, -0.00360913, 0.999993, -1.66301, 1.36379, 0.537642)

[node name="MiddleFinger_001_R" parent="metarig/GeneralSkeleton" index="3"]
transform = Transform3D(3.69801e-08, -1, 7.78703e-07, 1, 4.81095e-08, 0.000836089, -0.000836045, 9.45651e-07, 0.999999, -1.57376, 1.36416, 0.536581)

[node name="PointerFinger_003_R" parent="metarig/GeneralSkeleton" index="4"]
transform = Transform3D(-0.121383, -0.992338, -0.0230328, 0.981351, -0.123459, 0.147333, 0.149048, 0.0047197, -0.988819, -1.71775, 1.29509, 0.705265)

[node name="PointerFinger_002_R" parent="metarig/GeneralSkeleton" index="5"]
transform = Transform3D(0.122758, -0.992338, 0.0139593, -0.980949, -0.123459, -0.149991, 0.150566, 0.0047194, -0.988589, -1.64648, 1.30301, 0.704764)

[node name="PointerFinger_001_R" parent="metarig/GeneralSkeleton" index="6"]
transform = Transform3D(0.122758, -0.992338, 0.0139593, -0.980949, -0.123459, -0.149991, 0.150566, 0.0047194, -0.988589, -1.5646, 1.3132, 0.704375)

[node name="Thumb_002_R" parent="metarig/GeneralSkeleton" index="7"]
transform = Transform3D(-0.12192, -0.992349, -0.0194911, 0.981285, -0.123463, 0.147774, 0.14905, 0.00110987, -0.988829, -1.45909, 1.30946, 0.883234)

[node name="Thumb_003_R" parent="metarig/GeneralSkeleton" index="8"]
transform = Transform3D(0.122221, -0.992348, 0.0175013, -0.981015, -0.123463, -0.149551, 0.150567, 0.00110934, -0.988599, -1.53839, 1.29601, 0.903911)

[node name="PinkyFinger_003_R" parent="metarig/GeneralSkeleton" index="9"]
transform = Transform3D(-0.122221, 0.992349, -0.0175013, 0.981016, 0.123463, 0.149551, -0.150567, -0.00110934, 0.988599, -1.69557, 1.35686, 0.646748)

[node name="RingFinger_003_R" parent="metarig/GeneralSkeleton" index="10"]
transform = Transform3D(0.123464, -0.992348, 0.00100557, -0.992349, -0.123463, 0.000898436, 0.000767335, 0.00110896, 0.999999, -1.70912, 1.35513, 0.591722)

[node name="PinkyFinger_002_R" parent="metarig/GeneralSkeleton" index="11"]
transform = Transform3D(-0.11822, -0.992348, -0.0356136, 0.947541, -0.123463, 0.294827, -0.296968, 0.00110928, 0.954886, -1.63531, 1.36531, 0.6467)

[node name="RingFinger_002_R" parent="metarig/GeneralSkeleton" index="12"]
transform = Transform3D(-0.11822, -0.992348, -0.0356136, 0.947541, -0.123463, 0.294827, -0.296968, 0.00110928, 0.954886, -1.64517, 1.36404, 0.59167)

[node name="PinkyFinger_001_R" parent="metarig/GeneralSkeleton" index="13"]
transform = Transform3D(-0.122221, 0.992349, -0.0175013, 0.981016, 0.123463, 0.149551, -0.150567, -0.00110934, 0.988599, -1.56764, 1.38636, 0.329359)

[node name="RingFinger_001_R" parent="metarig/GeneralSkeleton" index="14"]
transform = Transform3D(0.123464, 0.992349, -0.00100588, -0.992349, 0.123463, -0.000898421, 0.000767305, -0.00110927, -0.999999, -1.57195, 1.37756, 0.383791)

[node name="Palm_R" parent="metarig/GeneralSkeleton" index="15"]
transform = Transform3D(-0.123464, -0.992347, 0.00100588, 0.992349, -0.123463, 0.000898421, -0.000767305, 0.00110927, 0.999999, -1.48619, 1.35547, 0.558394)

[node name="HandBase_R" parent="metarig/GeneralSkeleton" index="16"]
transform = Transform3D(0.0240305, -0.992834, 0.117057, 0.96998, 0.0514989, 0.237668, -0.241993, 0.107832, 0.964267, -1.36234, 1.35389, 0.562045)

[node name="Thumb_001_R" parent="metarig/GeneralSkeleton" index="17"]
transform = Transform3D(0.0240304, -0.950521, 0.309728, 0.969981, 0.097164, 0.222928, -0.241993, 0.295074, 0.924321, -1.39411, 1.36783, 0.461698)

[node name="ForeArm_R" parent="metarig/GeneralSkeleton" index="18"]
transform = Transform3D(0.0027122, -0.953241, 0.3022, 0.979407, 0.0635398, 0.191636, -0.201877, 0.295457, 0.933783, -0.915247, 1.35103, 0.529898)

[node name="UpperArm_R" parent="metarig/GeneralSkeleton" index="19"]
transform = Transform3D(-0.391208, -0.91713, -0.0763419, -0.149357, -0.0185824, 0.988609, -0.908102, 0.398154, -0.12971, -0.209076, 1.35617, 0.343976)

[node name="MiddleFinger_003_L" parent="metarig/GeneralSkeleton" index="20"]
transform = Transform3D(0.964592, -0.0653746, 0.255517, 0.166105, 0.903104, -0.395996, -0.20487, 0.424417, 0.881985, -0.0522566, 4.00257, 0.193672)

[node name="MiddleFinger_002_L" parent="metarig/GeneralSkeleton" index="21"]
transform = Transform3D(-0.915428, -0.0715832, -0.396066, -0.223554, 0.908732, 0.352462, 0.334687, 0.411195, -0.847881, -0.0463702, 3.93549, 0.162028)

[node name="MiddleFinger_001_L" parent="metarig/GeneralSkeleton" index="22"]
transform = Transform3D(0.900501, 0.1925, 0.389925, 0.329041, -0.887879, -0.321562, -0.284306, -0.417868, 0.862876, -0.0343672, 3.85788, 0.12618)

[node name="PointerFinger_003_L" parent="metarig/GeneralSkeleton" index="23"]
transform = Transform3D(0.986174, 0.0479343, 0.158631, -0.0323929, -0.883026, 0.468207, 0.162518, -0.466872, -0.869263, -0.0914018, 3.59836, 0.061362)

[node name="PointerFinger_002_L" parent="metarig/GeneralSkeleton" index="24"]
transform = Transform3D(0.986174, 0.0479343, 0.158631, -0.0323929, -0.883026, 0.468207, 0.162518, -0.466872, -0.869263, -0.0957695, 3.66171, 0.0946677)

[node name="PointerFinger_001_L" parent="metarig/GeneralSkeleton" index="25"]
transform = Transform3D(-0.998809, 0.0479669, -0.00893052, -0.0381142, -0.88133, -0.470961, -0.0304612, -0.470059, 0.882108, -0.113855, 3.83402, -0.0555549)

[node name="Thumb_002_L" parent="metarig/GeneralSkeleton" index="26"]
transform = Transform3D(-0.9862, -0.0479666, -0.15846, 0.0328702, 0.881331, -0.471356, -0.162265, 0.470059, 0.867591, -0.050517, 3.91847, -0.223746)

[node name="Thumb_003_L" parent="metarig/GeneralSkeleton" index="27"]
transform = Transform3D(0.998809, -0.047967, 0.00893051, 0.0381142, 0.881331, 0.470961, 0.0304612, 0.470059, -0.882108, -0.05062, 3.99914, -0.204013)

[node name="PinkyFinger_003_L" parent="metarig/GeneralSkeleton" index="28"]
transform = Transform3D(-0.986199, -0.0479668, -0.15846, 0.03287, 0.88133, -0.471356, -0.162265, 0.470059, 0.86759, -0.0439302, 3.85885, 0.374963)

[node name="RingFinger_003_L" parent="metarig/GeneralSkeleton" index="29"]
transform = Transform3D(-0.986199, -0.0479668, -0.15846, 0.03287, 0.88133, -0.471356, -0.162265, 0.470059, 0.86759, -0.0358605, 3.89677, 0.3336)

[node name="PinkyFinger_002_L" parent="metarig/GeneralSkeleton" index="30"]
transform = Transform3D(0.988875, -0.0479669, 0.1408, 0.108238, 0.88133, -0.459936, -0.10203, 0.470059, 0.876717, -0.0612268, 3.95445, 0.0644945)

[node name="RingFinger_002_L" parent="metarig/GeneralSkeleton" index="31"]
transform = Transform3D(0.998809, -0.0479668, 0.00893052, 0.0381141, 0.88133, 0.470961, 0.0304611, 0.470059, -0.882108, -0.0458847, 3.93902, 0.116009)

[node name="PinkyFinger_001_L" parent="metarig/GeneralSkeleton" index="32"]
transform = Transform3D(0.988875, -0.0479669, 0.1408, 0.108238, 0.88133, -0.459936, -0.10203, 0.470059, 0.876717, -0.036718, 3.74339, 0.313579)

[node name="RingFinger_001_L" parent="metarig/GeneralSkeleton" index="33"]
transform = Transform3D(0.988875, -0.0479669, 0.1408, 0.108238, 0.88133, -0.459936, -0.10203, 0.470059, 0.876717, -0.0282565, 3.77412, 0.268377)

[node name="Palm_L" parent="metarig/GeneralSkeleton" index="34"]
transform = Transform3D(-0.956623, -0.0479669, -0.287353, -0.175919, 0.88133, 0.438531, 0.232218, 0.470059, -0.851539, -0.0351301, 3.78692, 0.0688427)

[node name="HandBase_L" parent="metarig/GeneralSkeleton" index="35"]
transform = Transform3D(0.985248, -0.0376624, 0.166935, 0.0681992, 0.981085, -0.181167, -0.156954, 0.189879, 0.96918, -0.040626, 3.67201, 0.0216039)

[node name="Thumb_001_L" parent="metarig/GeneralSkeleton" index="36"]
transform = Transform3D(0.93683, -0.0860181, 0.339042, 0.250832, -0.510351, -0.822572, -0.243787, -0.855653, 0.456536, -0.0233829, 3.66932, 0.12679)

[node name="ForeArm_L" parent="metarig/GeneralSkeleton" index="37"]
transform = Transform3D(-0.210767, 0.241271, 0.947294, 0.0671111, 0.970347, -0.232211, 0.975229, -0.0146316, 0.220709, -0.0177387, 3.22991, 0.0188852)

[node name="UpperArm_L" parent="metarig/GeneralSkeleton" index="38"]
transform = Transform3D(0.985204, 0.0355991, 0.167648, 0.0231161, 0.94165, -0.335799, 0.169819, -0.334706, -0.926893, 0.025702, 2.48498, 0.0846711)

[node name="BodyUpper" parent="metarig/GeneralSkeleton" index="39"]
transform = Transform3D(0.987974, 0.0380374, 0.14987, -0.0402848, 0.999116, 0.0119874, 0.149282, 0.0178807, -0.988633, -3.81496e-10, 1.4368, 0.030002)

[node name="Foot_L" parent="metarig/GeneralSkeleton" index="40"]
transform = Transform3D(0.594555, -0.0186932, -0.0215391, 0.0160456, 0.590901, -0.0699105, -0.0235778, -0.06925, -0.590722, 0.173775, 2.09823, 0.0445184)

[node name="LowerLeg_R" parent="metarig/GeneralSkeleton" index="41"]
transform = Transform3D(-0.998852, 0.0401121, 0.0262084, -0.0269601, -0.0183109, -0.999464, 0.0396109, 0.999027, -0.0193712, 0.18517, 1.65512, 0.0638058)

[node name="UpperLeg_R" parent="metarig/GeneralSkeleton" index="42"]
transform = Transform3D(-0.99949, 0.0118069, -0.0296596, -0.00739585, -0.989455, -0.144652, -0.0310548, -0.144359, 0.989036, 0.195876, 0.87391, 0.0327542)

[node name="Foot_R" parent="metarig/GeneralSkeleton" index="43"]
transform = Transform3D(1, -1.85902e-06, 2.63448e-06, 1.06777e-06, 0.961882, 0.273447, -3.04242e-06, -0.273449, 0.961887, -0.209917, -0.270217, -0.765164)

[node name="LowerLeg_L" parent="metarig/GeneralSkeleton" index="44"]
transform = Transform3D(1, -3.62711e-07, -3.22265e-06, 1.57679e-07, -0.987108, 0.160027, -3.23916e-06, -0.160027, -0.987113, -0.203276, 0.159723, -0.796261)

[node name="UpperLeg_L" parent="metarig/GeneralSkeleton" index="45"]
transform = Transform3D(1, 4.69389e-07, 2.56962e-07, 4.50903e-07, -0.997698, 0.0677422, 2.88169e-07, -0.0677417, -0.997701, -0.200389, 0.503491, -0.411685)

[node name="BodyLower" parent="metarig/GeneralSkeleton" index="46"]
transform = Transform3D(1, 1.95837e-07, -3.25075e-07, -2.24319e-07, 0.995936, -0.0900641, 3.06116e-07, 0.0900641, 0.995936, 5.58442e-14, 0.76479, 0.0311754)

[node name="CollisionShape3D" type="CollisionShape3D" parent="." index="1"]
transform = Transform3D(1, 0, 0, 0, 1, 0, 0, 0, 1, 0, 3.09104, 0)
shape = SubResource("CapsuleShape3D_07ahk")

[node name="LookStateMachine" type="Node" parent="." index="2" node_paths=PackedStringArray("look_state", "pause_state", "parent", "start_state")]
process_mode = 3
script = ExtResource("6_po2jb")
look_state = NodePath("PlayerLook")
pause_state = NodePath("PlayerPaused")
parent = NodePath("..")
start_state = NodePath("PlayerLook")

[node name="PlayerLook" type="Node" parent="LookStateMachine" index="0" node_paths=PackedStringArray("pause_state", "parent_machine")]
script = ExtResource("7_gdqmi")
pause_state = NodePath("../PlayerPaused")
mouse_sensitivity = 0.01
parent_machine = NodePath("..")

[node name="PlayerPaused" type="Node" parent="LookStateMachine" index="1" node_paths=PackedStringArray("look_state", "pause_menu", "parent_machine")]
script = ExtResource("8_6862y")
look_state = NodePath("../PlayerLook")
pause_menu = NodePath("../../PauseMenu")
parent_machine = NodePath("..")

[node name="WeaponStateMachine" type="Node" parent="." index="3" node_paths=PackedStringArray("weapon_one", "parent", "start_state")]
script = ExtResource("9_y8rgp")
weapon_one = NodePath("SawedOff")
parent = NodePath("..")
start_state = NodePath("SawedOff")

[node name="SawedOff" type="Node" parent="WeaponStateMachine" index="0" node_paths=PackedStringArray("weapon_pivot", "parent_machine")]
script = ExtResource("10_srx6p")
weapon_pivot = NodePath("../../metarig/Pivot/Camera3D/Weapons")
parent_machine = NodePath("..")

[node name="PlayerStateMachine" type="Node" parent="." index="4" node_paths=PackedStringArray("idle_state", "crouch_state", "sprint_state", "walk_state", "step_detect", "ledge_detect", "parent", "start_state")]
script = ExtResource("11_swpt4")
idle_state = NodePath("PlayerGroundIdle")
crouch_state = NodePath("PlayerCrouch")
sprint_state = NodePath("PlayerSprint")
walk_state = NodePath("PlayerWalk")
step_detect = NodePath("../StepDetect")
ledge_detect = NodePath("../LedgeDetect")
parent = NodePath("..")
start_state = NodePath("PlayerGroundIdle")

[node name="PlayerGroundIdle" type="Node" parent="PlayerStateMachine" index="0" node_paths=PackedStringArray("walk_state", "sprint_state", "crouch_state", "idle_state", "parent_machine")]
script = ExtResource("12_hasfw")
walk_state = NodePath("../PlayerWalk")
sprint_state = NodePath("../PlayerSprint")
crouch_state = NodePath("../PlayerCrouch")
idle_state = NodePath(".")
parent_machine = NodePath("..")
animation_name = "idle"

[node name="PlayerCrouch" type="Node" parent="PlayerStateMachine" index="1" node_paths=PackedStringArray("collision_shape", "pivot", "walk_state", "sprint_state", "crouch_state", "idle_state", "parent_machine")]
script = ExtResource("13_wuqf5")
crouch_size = 4.298
collision_shape = NodePath("../../CollisionShape3D")
pivot = NodePath("../../metarig/Pivot")
walk_state = NodePath("../PlayerWalk")
sprint_state = NodePath("../PlayerSprint")
crouch_state = NodePath(".")
idle_state = NodePath("../PlayerGroundIdle")
move_speed = 8.0
parent_machine = NodePath("..")
animation_name = "crouch"

[node name="PlayerSprint" type="Node" parent="PlayerStateMachine" index="2" node_paths=PackedStringArray("walk_state", "sprint_state", "crouch_state", "idle_state", "parent_machine")]
script = ExtResource("14_n3si2")
walk_state = NodePath("../PlayerWalk")
sprint_state = NodePath(".")
crouch_state = NodePath("../PlayerCrouch")
idle_state = NodePath("../PlayerGroundIdle")
parent_machine = NodePath("..")
animation_name = "idle"

[node name="PlayerWalk" type="Node" parent="PlayerStateMachine" index="3" node_paths=PackedStringArray("walk_state", "sprint_state", "crouch_state", "idle_state", "parent_machine")]
script = ExtResource("15_juhjl")
walk_state = NodePath(".")
sprint_state = NodePath("../PlayerSprint")
crouch_state = NodePath("../PlayerCrouch")
idle_state = NodePath("../PlayerGroundIdle")
move_speed = 10.0
parent_machine = NodePath("..")
animation_name = "idle"

[node name="JumpMachine" type="Node" parent="." index="5" node_paths=PackedStringArray("jump_state", "fall_state", "idle_state", "step_detect", "ledge_detect", "parent", "start_state")]
script = ExtResource("16_wcqta")
jump_state = NodePath("PlayerJump")
fall_state = NodePath("PlayerFall")
idle_state = NodePath("PlayerGroundIdle")
step_detect = NodePath("../StepDetect")
ledge_detect = NodePath("../LedgeDetect")
parent = NodePath("..")
start_state = NodePath("PlayerGroundIdle")

[node name="PlayerJump" type="Node" parent="JumpMachine" index="0" node_paths=PackedStringArray("coyote_timer", "jump_state", "fall_state", "idle_state", "parent_machine")]
script = ExtResource("17_exjk3")
jump_height = 23.0
coyote_timer = NodePath("../../CoyoteTimer")
jump_state = NodePath(".")
fall_state = NodePath("../PlayerFall")
idle_state = NodePath("../PlayerGroundIdle")
parent_machine = NodePath("..")

[node name="PlayerFall" type="Node" parent="JumpMachine" index="1" node_paths=PackedStringArray("fall_timer", "jump_state", "fall_state", "idle_state", "parent_machine")]
script = ExtResource("18_s4paw")
fall_timer = NodePath("../../FallTime")
jump_state = NodePath("../PlayerJump")
fall_state = NodePath(".")
idle_state = NodePath("../PlayerGroundIdle")
parent_machine = NodePath("..")

[node name="PlayerGroundIdle" type="Node" parent="JumpMachine" index="2" node_paths=PackedStringArray("coyote_timer", "jump_state", "fall_state", "idle_state", "parent_machine")]
script = ExtResource("19_cssnc")
coyote_timer = NodePath("../../CoyoteTimer")
jump_state = NodePath("../PlayerJump")
fall_state = NodePath("../PlayerFall")
idle_state = NodePath(".")
parent_machine = NodePath("..")

[node name="HealthStateMachine" type="Node" parent="." index="6" node_paths=PackedStringArray("hud", "game_over", "parent", "start_state")]
script = ExtResource("20_gnvqx")
hud = NodePath("../HUD")
game_over = NodePath("../GameOver")
parent = NodePath("..")
start_state = NodePath("HealthNormal")

[node name="HealthNormal" type="Node" parent="HealthStateMachine" index="0" node_paths=PackedStringArray("health_normal", "health_low", "health_zero", "parent_machine")]
script = ExtResource("21_io2ir")
health_normal = NodePath(".")
health_low = NodePath("../HealthLow")
health_zero = NodePath("../HealthZero")
parent_machine = NodePath("..")

[node name="HealthLow" type="Node" parent="HealthStateMachine" index="1" node_paths=PackedStringArray("health_normal", "health_low", "health_zero", "parent_machine")]
script = ExtResource("22_bmfy0")
health_normal = NodePath("../HealthNormal")
health_low = NodePath(".")
health_zero = NodePath("../HealthZero")
parent_machine = NodePath("..")

[node name="HealthZero" type="Node" parent="HealthStateMachine" index="2" node_paths=PackedStringArray("health_normal", "health_low", "health_zero", "parent_machine")]
script = ExtResource("23_82rl3")
health_normal = NodePath("../HealthNormal")
health_low = NodePath("../HealthLow")
health_zero = NodePath(".")
parent_machine = NodePath("..")

[node name="DamageStateMachine" type="Node" parent="." index="7" node_paths=PackedStringArray("parent", "start_state", "machines")]
script = ExtResource("24_xh08w")
parent = NodePath("..")
start_state = NodePath("DamageLava")
machines = [NodePath("../HealthStateMachine")]

[node name="DamageLava" type="Node" parent="DamageStateMachine" index="0" node_paths=PackedStringArray("parent_machine")]
script = ExtResource("25_r4icw")
parent_machine = NodePath("..")

[node name="DamageSafe" type="Node" parent="DamageStateMachine" index="1" node_paths=PackedStringArray("parent_machine")]
script = ExtResource("26_eqmbh")
parent_machine = NodePath("..")

[node name="StepDetect" type="ShapeCast3D" parent="." index="8"]
transform = Transform3D(1, 0, 0, 0, 1, 0, 0, 0, 1, 0, 1.06516, 0)
shape = SubResource("CylinderShape3D_xyru3")
target_position = Vector3(0, 0, 0)
max_results = 16
collision_mask = 5

[node name="LedgeDetect" type="RayCast3D" parent="." index="9"]
transform = Transform3D(1, 0, 0, 0, 1, 0, 0, 0, 1, 0, -0.000787526, 0)
collision_mask = 5
hit_from_inside = true

[node name="StandDetect" type="ShapeCast3D" parent="." index="10"]
transform = Transform3D(1, 0, 0, 0, 1, 0, 0, 0, 1, 0, 7.23261, 0)
shape = SubResource("CylinderShape3D_07k84")

[node name="RagdollTimer" type="Timer" parent="." index="11"]
wait_time = 5.0
one_shot = true
autostart = true

[node name="CoyoteTimer" type="Timer" parent="." index="12"]
wait_time = 0.2
one_shot = true

[node name="FallTime" type="Timer" parent="." index="13"]
wait_time = 0.075
one_shot = true

[node name="HUD" parent="." index="14" instance=ExtResource("27_euvw4")]

[node name="PauseMenu" parent="." index="15" node_paths=PackedStringArray("pause_machine", "look_state") instance=ExtResource("28_btsrm")]
visible = false
pause_machine = NodePath("../LookStateMachine")
look_state = NodePath("../LookStateMachine/PlayerLook")

[node name="GameOver" parent="." index="16" instance=ExtResource("29_7thsv")]
visible = false

[node name="AnimationPlayer" type="AnimationPlayer" parent="." index="17"]
callback_mode_process = 0
libraries = {
"": SubResource("AnimationLibrary_as1kq")
}

[node name="AnimationTree" type="AnimationTree" parent="." index="18"]
callback_mode_process = 0
tree_root = SubResource("AnimationNodeStateMachine_l47sr")
anim_player = NodePath("../AnimationPlayer")
