[gd_scene load_steps=12 format=3 uid="uid://cnt5650g5rqjd"]

[ext_resource type="PackedScene" uid="uid://bh8pwec5ry6d3" path="res://assets/models/enemies/Mossling/Mossling.glb" id="1_b65re"]
[ext_resource type="Script" uid="uid://cfe5kth7c2od6" path="res://scripts/enemy/mossling.gd" id="2_jjtwu"]
[ext_resource type="Script" uid="uid://b0eivksulsi0" path="res://scripts/enemy/stab.gd" id="3_u70bt"]
[ext_resource type="Material" uid="uid://bfa4bwq4pvxbl" path="res://assets/models/enemies/Mossling/textures/corruption-mat.tres" id="3_wmsic"]
[ext_resource type="PackedScene" uid="uid://bpu0ofolmn50r" path="res://nodes/limbo/pain_hsm.tscn" id="4_j0xng"]
[ext_resource type="PackedScene" uid="uid://bxfhu3rpvxcas" path="res://nodes/entities/enemies/health_bar.tscn" id="5_jtt33"]

[sub_resource type="CapsuleShape3D" id="CapsuleShape3D_rufnw"]
radius = 1.94
height = 13.5

[sub_resource type="ConvexPolygonShape3D" id="ConvexPolygonShape3D_hxyr0"]
points = PackedVector3Array(0, 0, 0, 18, 5, -24, 20, 0, -24, 18, -10, -24, 0, -15, -24, -18, 5, -24, 0, 8, -24, -20, 0, -24, -18, -10, -24, -8, -11, -1, 8, -11, -1, -10, 3, -5, 10, 3, -5)

[sub_resource type="CylinderShape3D" id="CylinderShape3D_lx5xo"]
height = 8.5
radius = 1.945

[sub_resource type="CylinderShape3D" id="CylinderShape3D_wmbv0"]
height = 13.5
radius = 2.13

[sub_resource type="CapsuleShape3D" id="CapsuleShape3D_ejftg"]
radius = 0.625118
height = 2.9126

[node name="Mossling" node_paths=PackedStringArray("ray", "pain_hsm", "crouch_cast", "rotate_cast", "collision_shape") groups=["enemy"] instance=ExtResource("1_b65re")]
process_mode = 1
collision_layer = 134217728
collision_mask = 3355443215
script = ExtResource("2_jjtwu")
speed = 17
ray = NodePath("RayCast3D")
pain_hsm = NodePath("PainHSM")
crouch_cast = NodePath("ShapeCast3D")
rotate_cast = NodePath("RotateCast3D")
collision_shape = NodePath("CollisionShape3D")

[node name="Skeleton3D" parent="Armature" index="0"]
bones/1/rotation = Quaternion(-0.219353, -0.639501, 0.0481058, 0.735261)
bones/2/rotation = Quaternion(-0.0861776, 0.0629388, 0.125193, 0.986377)
bones/3/rotation = Quaternion(-0.0189542, 0.063568, 0.0655273, 0.995644)
bones/4/rotation = Quaternion(0.0710764, 0.0620336, 0.00134406, 0.995539)
bones/5/rotation = Quaternion(0.161347, 0.0588215, -0.0481417, 0.983966)
bones/6/rotation = Quaternion(0.217001, 0.0568723, -0.0690417, 0.972064)
bones/7/rotation = Quaternion(0.214249, 0.0585873, -0.0668619, 0.972725)
bones/8/rotation = Quaternion(0.142759, 0.0621862, -0.0566139, 0.986178)
bones/9/rotation = Quaternion(0.0117912, 0.0606491, -0.0584657, 0.996376)
bones/10/rotation = Quaternion(-0.150468, 0.0446203, -0.0865016, 0.983812)
bones/11/rotation = Quaternion(-0.692779, 0.128341, -0.630693, 0.325288)
bones/12/rotation = Quaternion(-1.53706e-08, -5.44797e-09, -0.807888, 0.589336)
bones/12/scale = Vector3(1, 1, 1)
bones/13/rotation = Quaternion(-2.55904e-11, -6.0681e-11, 0.0135714, 0.999908)
bones/14/rotation = Quaternion(0.103438, -0.000387964, -0.00115184, 0.994635)
bones/14/scale = Vector3(1, 1, 1)
bones/15/rotation = Quaternion(-0.177816, 9.59099e-05, -0.00127222, 0.984063)
bones/15/scale = Vector3(1, 1, 1)
bones/16/rotation = Quaternion(-0.182854, 2.18909e-08, 4.9796e-05, 0.98314)
bones/16/scale = Vector3(1, 1, 1)
bones/18/rotation = Quaternion(2.22297e-06, 0.997322, 0.0731338, -0.000135272)
bones/18/scale = Vector3(1, 1, 1)
bones/19/rotation = Quaternion(0.00130204, 0.994432, -0.105372, -0.000135338)
bones/20/scale = Vector3(1, 1, 1)
bones/21/rotation = Quaternion(0.0402685, 0.00128656, 0.165006, 0.985469)
bones/22/rotation = Quaternion(0.104062, -0.0316274, 0.159331, 0.981216)
bones/22/scale = Vector3(1, 1, 1)
bones/23/scale = Vector3(1, 1, 1)
bones/24/rotation = Quaternion(-0.0665912, -0.496208, -0.0369144, 0.864859)
bones/25/scale = Vector3(1, 1, 1)
bones/26/rotation = Quaternion(4.14533e-11, -4.28751e-10, 0.0962352, 0.995359)
bones/27/rotation = Quaternion(0.0402628, -0.0012815, -0.165006, 0.98547)
bones/27/scale = Vector3(1, 1, 1)
bones/28/rotation = Quaternion(0.104062, 0.0316274, -0.159331, 0.981216)
bones/28/scale = Vector3(1, 1, 1)
bones/29/rotation = Quaternion(-0.235575, 0.452761, 0.120265, 0.851497)
bones/30/rotation = Quaternion(-0.0665991, 0.496207, 0.0369011, 0.864859)
bones/31/rotation = Quaternion(0.0510204, 0.497392, -0.0864491, 0.861699)
bones/32/rotation = Quaternion(0.501236, 0.498761, 0.498761, 0.501236)
bones/35/rotation = Quaternion(-0.699341, -0.144436, 0.622051, 0.321112)
bones/36/rotation = Quaternion(-1.11895e-08, 2.44434e-08, 0.806458, 0.591292)
bones/36/scale = Vector3(1, 1, 1)
bones/37/rotation = Quaternion(-2.51545e-11, 1.01296e-11, -0.0135714, 0.999908)
bones/38/rotation = Quaternion(0.103438, 0.000387964, 0.00115185, 0.994635)
bones/38/scale = Vector3(1, 1, 1)
bones/39/rotation = Quaternion(-0.177816, -9.59098e-05, 0.00127222, 0.984063)
bones/39/scale = Vector3(1, 1, 1)
bones/40/rotation = Quaternion(-0.182854, -2.1939e-08, -4.97958e-05, 0.98314)
bones/42/rotation = Quaternion(-0.000135289, -0.0731338, 0.997322, -2.40436e-06)
bones/42/scale = Vector3(-1, -1, -1)
bones/43/rotation = Quaternion(-0.000135303, 0.105372, 0.994432, -0.00130223)
bones/43/scale = Vector3(-1, -1, -1)
bones/44/rotation = Quaternion(-5.3612e-06, 5.33466e-06, 0.101161, 0.99487)
bones/45/rotation = Quaternion(0.0402685, -0.00128656, -0.165006, 0.985469)
bones/46/rotation = Quaternion(0.104062, 0.0316274, -0.159331, 0.981216)
bones/46/scale = Vector3(1, 1, 1)
bones/47/rotation = Quaternion(0.851496, 0.120278, -0.452765, 0.235568)
bones/48/rotation = Quaternion(0.864859, 0.0369145, -0.496208, 0.0665912)
bones/48/scale = Vector3(-1, -1, -1)
bones/49/rotation = Quaternion(0.861703, -0.0864332, -0.497387, -0.051033)
bones/49/scale = Vector3(-1, -1, -1)
bones/50/rotation = Quaternion(7.11301e-12, 7.35694e-11, -0.0962352, 0.995359)
bones/50/scale = Vector3(1, 1, 1)
bones/51/rotation = Quaternion(0.0402628, 0.0012815, 0.165006, 0.98547)
bones/51/scale = Vector3(1, 1, 1)
bones/52/rotation = Quaternion(0.104062, -0.0316274, 0.159331, 0.981216)
bones/52/scale = Vector3(1, 1, 1)
bones/53/rotation = Quaternion(0.851497, -0.120264, 0.452762, 0.235575)
bones/53/scale = Vector3(-1, -1, -1)
bones/54/rotation = Quaternion(0.864859, -0.036901, 0.496207, 0.066599)
bones/54/scale = Vector3(-1, -1, -1)
bones/55/rotation = Quaternion(0.861699, 0.0864492, 0.497392, -0.0510204)
bones/57/rotation = Quaternion(0.5, -0.5, 0.5, -0.5)
bones/59/rotation = Quaternion(0.0537148, 0.00414694, 0.11931, 0.991394)
bones/59/scale = Vector3(1, 1, 1)
bones/60/rotation = Quaternion(-0.0516184, 0.0114857, 0.216898, 0.974761)
bones/61/rotation = Quaternion(-0.0709678, 0.647769, 0.283541, 0.703537)
bones/62/rotation = Quaternion(-0.0517069, -0.0411192, -0.0514419, 0.996489)
bones/63/rotation = Quaternion(-0.0516183, -0.0114859, -0.216898, 0.974761)
bones/66/scale = Vector3(1, 1, 1)
bones/67/rotation = Quaternion(-0.389127, 0.0195641, 0.919916, 0.0441793)
bones/67/scale = Vector3(1, 1, 1)
bones/68/rotation = Quaternion(-0.0163802, -0.0745651, 0.997079, -0.00220949)
bones/68/scale = Vector3(1, 1, 1)
bones/69/rotation = Quaternion(-0.179411, -0.0444623, 0.976476, 0.111034)
bones/69/scale = Vector3(1, 1, 1)
bones/70/rotation = Quaternion(-0.0254923, 0.646846, 0.0789153, 0.758098)
bones/70/scale = Vector3(1, 1, 1)
bones/71/rotation = Quaternion(0.125836, 0.0105526, 0.983043, 0.132969)
bones/71/scale = Vector3(1, 1, 1)
bones/72/rotation = Quaternion(-0.14394, -0.143601, 0.970523, -0.1294)
bones/72/scale = Vector3(1, 1, 1)
bones/73/rotation = Quaternion(0.106377, -0.0754087, 0.15248, 0.979667)
bones/74/scale = Vector3(1, 1, 1)
bones/75/rotation = Quaternion(-0.0205421, 0.00300851, 0.998774, 0.0449412)
bones/75/scale = Vector3(1, 1, 1)
bones/76/rotation = Quaternion(-0.0467455, -0.090014, 0.971828, 0.212752)
bones/76/scale = Vector3(1, 1, 1)
bones/79/rotation = Quaternion(5.58793e-09, -1.20141e-07, 5.58794e-09, 1)
bones/88/rotation = Quaternion(0.999861, 1.99117e-09, 1.19193e-07, 0.0167032)
bones/89/rotation = Quaternion(0.028265, -1.11275e-14, 6.73891e-09, 0.9996)
bones/92/rotation = Quaternion(0.999861, -1.99117e-09, -1.19193e-07, 0.0167032)
bones/93/rotation = Quaternion(0.028265, 5.74206e-15, -6.73891e-09, 0.9996)
bones/96/position = Vector3(0, 10.8139, -0.199835)
bones/96/rotation = Quaternion(0.228952, 0.00799594, -0.00319679, 0.9734)
bones/97/scale = Vector3(1, 1, 1)
bones/98/position = Vector3(2.94027, 7.47947, -0.0845472)
bones/98/rotation = Quaternion(0.999638, -0.0269196, -3.12282e-08, -6.79473e-08)
bones/104/position = Vector3(-2.94027, 7.47947, -0.0845472)
bones/104/rotation = Quaternion(0.999638, 0.0269196, 3.12282e-08, -6.79473e-08)
bones/105/rotation = Quaternion(-1.31708e-09, 0.707107, 0.707107, -5.47022e-08)

[node name="TopFinger_Tip_L" parent="Armature/Skeleton3D" index="0"]
transform = Transform3D(0.25767, 0.104323, -0.960585, -0.63692, -0.729252, -0.250049, -0.726595, 0.676245, -0.121461, 3.56566, 6.25953, 1.20609)

[node name="TopFinger_Tip_L" parent="Armature/Skeleton3D/TopFinger_Tip_L" index="0"]
layers = 131072
material_override = ExtResource("3_wmsic")

[node name="TopFinger_Middle_L" parent="Armature/Skeleton3D" index="1"]
transform = Transform3D(0.25767, 0.104324, -0.960585, -0.63692, -0.729252, -0.25005, -0.726595, 0.676245, -0.121461, 3.59031, 6.82243, 0.721806)

[node name="TopFinger_Middle_L" parent="Armature/Skeleton3D/TopFinger_Middle_L" index="0"]
layers = 131072

[node name="TopFinger_Base_L" parent="Armature/Skeleton3D" index="2"]
transform = Transform3D(0.25767, 0.104323, -0.960585, -0.63692, -0.729253, -0.250049, -0.726595, 0.676245, -0.121462, 3.37859, 7.29462, 0.229963)

[node name="TopFinger_Base_L" parent="Armature/Skeleton3D/TopFinger_Base_L" index="0"]
layers = 131072

[node name="RightFinger_Tip_L" parent="Armature/Skeleton3D" index="3"]
transform = Transform3D(0.702695, 0.110797, 0.702811, 0.53748, -0.729903, -0.422323, 0.466192, 0.674511, -0.572451, 2.8236, 6.33486, 1.40564)

[node name="RightFinger_Tip_L" parent="Armature/Skeleton3D/RightFinger_Tip_L" index="0"]
layers = 131072

[node name="RightFinger_Middle_L" parent="Armature/Skeleton3D" index="4"]
transform = Transform3D(0.702695, 0.110796, 0.702811, 0.53748, -0.729904, -0.422323, 0.466193, 0.674511, -0.572451, 2.66768, 6.9161, 0.969923)

[node name="RightFinger_Middle_L" parent="Armature/Skeleton3D/RightFinger_Middle_L" index="0"]
layers = 131072

[node name="RightFinger_Base_L" parent="Armature/Skeleton3D" index="5"]
transform = Transform3D(0.702696, 0.110796, 0.702811, 0.537479, -0.729904, -0.422323, 0.466193, 0.67451, -0.572451, 2.69363, 7.36618, 0.416343)

[node name="RightFinger_Base_L" parent="Armature/Skeleton3D/RightFinger_Base_L" index="0"]
layers = 131072

[node name="LeftFinger_Tip_L" parent="Armature/Skeleton3D" index="6"]
transform = Transform3D(-0.960371, 0.109037, 0.256515, 0.099474, -0.725623, 0.680864, 0.260373, 0.679398, 0.686021, 3.02462, 5.84363, 0.844902)

[node name="LeftFinger_Tip_L" parent="Armature/Skeleton3D/LeftFinger_Tip_L" index="0"]
layers = 131072

[node name="LeftFinger_Middle_L" parent="Armature/Skeleton3D" index="7"]
transform = Transform3D(-0.960371, 0.109036, 0.256513, 0.099474, -0.725623, 0.680865, 0.260371, 0.679399, 0.686021, 2.91762, 6.30532, 0.272721)

[node name="LeftFinger_Middle_L" parent="Armature/Skeleton3D/LeftFinger_Middle_L" index="0"]
layers = 131072

[node name="LeftFinger_Base_L" parent="Armature/Skeleton3D" index="8"]
transform = Transform3D(-0.960371, 0.109036, 0.256514, 0.0994748, -0.725622, 0.680865, 0.260371, 0.6794, 0.68602, 2.87662, 6.91153, -0.102157)

[node name="LeftFinger_Base_L" parent="Armature/Skeleton3D/LeftFinger_Base_L" index="0"]
layers = 131072

[node name="Hand_L" parent="Armature/Skeleton3D" index="9"]
transform = Transform3D(0.108053, 0.960172, -0.257672, -0.728265, 0.252882, 0.636931, 0.676723, 0.118831, 0.726585, 2.92852, 7.55759, -0.15947)

[node name="Hand_L" parent="Armature/Skeleton3D/Hand_L" index="0"]
layers = 131072

[node name="Forearm_L" parent="Armature/Skeleton3D" index="10"]
transform = Transform3D(0.102308, 0.960172, -0.260006, -0.713951, 0.252882, 0.652936, 0.692681, 0.118831, 0.711388, 2.55197, 10.1903, -2.71943)

[node name="Forearm_L" parent="Armature/Skeleton3D/Forearm_L" index="0"]
layers = 131072

[node name="Arm_L" parent="Armature/Skeleton3D" index="11"]
transform = Transform3D(0.216346, 0.960172, 0.176818, -0.403732, 0.252882, -0.879233, -0.888929, 0.118831, 0.442361, 1.90422, 11.3789, -0.0115982)

[node name="Arm_L" parent="Armature/Skeleton3D/Arm_L" index="0"]
layers = 131072

[node name="TopFinger_Tip_R" parent="Armature/Skeleton3D" index="12"]
transform = Transform3D(-0.255357, -0.108713, 0.960716, -0.623934, -0.740531, -0.249638, -0.738579, 0.66317, -0.12127, -3.57373, 6.23875, 1.18209)

[node name="TopFinger_Tip_R" parent="Armature/Skeleton3D/TopFinger_Tip_R" index="0"]
layers = 131072

[node name="TopFinger_Middle_R" parent="Armature/Skeleton3D" index="13"]
transform = Transform3D(-0.255357, -0.108714, 0.960716, -0.623934, -0.740531, -0.249639, -0.738579, 0.66317, -0.12127, -3.59519, 6.8099, 0.70741)

[node name="TopFinger_Middle_R" parent="Armature/Skeleton3D/TopFinger_Middle_R" index="0"]
layers = 131072

[node name="TopFinger_Base_R" parent="Armature/Skeleton3D" index="14"]
transform = Transform3D(-0.255357, -0.108712, 0.960716, -0.623934, -0.740531, -0.249638, -0.738579, 0.66317, -0.12127, -3.38036, 7.29006, 0.224707)

[node name="TopFinger_Base_R" parent="Armature/Skeleton3D/TopFinger_Base_R" index="0"]
layers = 131072

[node name="LeftFinger_Tip_R" parent="Armature/Skeleton3D" index="15"]
transform = Transform3D(-0.70395, -0.11518, -0.700848, 0.53067, -0.741141, -0.411216, 0.472064, 0.661395, -0.582849, -2.83248, 6.30934, 1.38634)

[node name="LeftFinger_Tip_R" parent="Armature/Skeleton3D/LeftFinger_Tip_R" index="0"]
layers = 131072

[node name="LeftFinger_Middle_R" parent="Armature/Skeleton3D" index="16"]
transform = Transform3D(-0.703951, -0.11518, -0.700848, 0.530669, -0.741142, -0.411217, 0.472064, 0.661394, -0.582849, -2.67355, 6.89766, 0.961366)

[node name="LeftFinger_Middle_R" parent="Armature/Skeleton3D/LeftFinger_Middle_R" index="0"]
layers = 131072

[node name="LeftFinger_Base_R" parent="Armature/Skeleton3D" index="17"]
transform = Transform3D(-0.703951, -0.11518, -0.700847, 0.530668, -0.741142, -0.411217, 0.472064, 0.661394, -0.58285, -2.69616, 7.3572, 0.415458)

[node name="LeftFinger_Base_R" parent="Armature/Skeleton3D/LeftFinger_Base_R" index="0"]
layers = 131072

[node name="RightFinger_Tip_R" parent="Armature/Skeleton3D" index="18"]
transform = Transform3D(0.959313, -0.113434, -0.258556, 0.0932986, -0.736948, 0.66948, 0.266484, 0.666364, 0.69638, -3.03172, 5.82814, 0.816344)

[node name="RightFinger_Tip_R" parent="Armature/Skeleton3D/RightFinger_Tip_R" index="0"]
layers = 131072

[node name="RightFinger_Middle_R" parent="Armature/Skeleton3D" index="19"]
transform = Transform3D(0.959313, -0.113434, -0.258557, 0.0932994, -0.736948, 0.66948, 0.266485, 0.666363, 0.69638, -2.92128, 6.29936, 0.252661)

[node name="RightFinger_Middle_R" parent="Armature/Skeleton3D/RightFinger_Middle_R" index="0"]
layers = 131072

[node name="RightFinger_Base_R" parent="Armature/Skeleton3D" index="20"]
transform = Transform3D(0.959313, -0.113434, -0.258557, 0.0933002, -0.736947, 0.66948, 0.266485, 0.666364, 0.69638, -2.8775, 6.91181, -0.11159)

[node name="RightFinger_Base_R" parent="Armature/Skeleton3D/RightFinger_Base_R" index="0"]
layers = 131072

[node name="Hand_R" parent="Armature/Skeleton3D" index="21"]
transform = Transform3D(-0.112443, -0.960286, 0.255359, -0.739546, 0.252515, 0.623946, 0.663648, 0.118691, 0.738569, -2.92803, 7.55888, -0.158101)

[node name="Hand_R" parent="Armature/Skeleton3D/Hand_R" index="0"]
layers = 131072

[node name="Forearm_R" parent="Armature/Skeleton3D" index="22"]
transform = Transform3D(-0.106748, -0.960286, 0.257791, -0.725517, 0.252515, 0.640204, 0.679874, 0.118691, 0.72366, -2.53509, 10.2343, -2.67081)

[node name="Forearm_R" parent="Armature/Skeleton3D/Forearm_R" index="0"]
layers = 131072

[node name="Arm_R" parent="Armature/Skeleton3D" index="23"]
transform = Transform3D(-0.213752, -0.960286, -0.179336, -0.392367, 0.252515, -0.884468, -0.894627, 0.118691, 0.43076, -1.89534, 11.3881, 0.0536912)

[node name="Arm_R" parent="Armature/Skeleton3D/Arm_R" index="0"]
layers = 131072

[node name="Cone" parent="Armature/Skeleton3D" index="24"]
transform = Transform3D(0.97376, -0.225022, 0.0340176, 0.207621, 0.817176, -0.537696, 0.0931949, 0.53065, 0.842452, 0.0637922, 10.2258, 0.332078)

[node name="Cone" parent="Armature/Skeleton3D/Cone" index="0"]
layers = 131072

[node name="Cone_001" parent="Armature/Skeleton3D" index="25"]
transform = Transform3D(0.90905, -0.416416, 0.0150709, 0.395089, 0.849871, -0.348747, 0.132415, 0.322983, 0.937096, 0.242471, 10.2636, 0.40066)

[node name="Cone_001" parent="Armature/Skeleton3D/Cone_001" index="0"]
layers = 131072

[node name="Cone_002" parent="Armature/Skeleton3D" index="26"]
transform = Transform3D(-0.0103886, -0.478861, 0.877829, 0.699076, 0.624213, 0.348785, -0.714972, 0.617293, 0.328275, 0.381309, 10.2991, 0.511421)

[node name="Cone_002" parent="Armature/Skeleton3D/Cone_002" index="0"]
layers = 131072

[node name="Cone_003" parent="Armature/Skeleton3D" index="27"]
transform = Transform3D(0.991438, 0.115146, -0.061575, -0.129408, 0.929394, -0.34566, 0.0174259, 0.350669, 0.936337, -0.0542466, 10.2025, 0.320963)

[node name="Cone_003" parent="Armature/Skeleton3D/Cone_003" index="0"]
layers = 131072

[node name="Cone_004" parent="Armature/Skeleton3D" index="28"]
transform = Transform3D(0.901975, 0.431525, 0.0150709, -0.39973, 0.847698, -0.348747, -0.163269, 0.308537, 0.937096, -0.129692, 10.2312, 0.36877)

[node name="Cone_004" parent="Armature/Skeleton3D/Cone_004" index="0"]
layers = 131072

[node name="Cone_005" parent="Armature/Skeleton3D" index="29"]
transform = Transform3D(-0.00856768, 0.546354, 0.837511, 0.783909, 0.523648, -0.333585, -0.620816, 0.653675, -0.432778, -0.211435, 10.2354, 0.430824)

[node name="Cone_005" parent="Armature/Skeleton3D/Cone_005" index="0"]
layers = 131072

[node name="Cone_006" parent="Armature/Skeleton3D" index="30"]
transform = Transform3D(-0.0141318, 0.373382, 0.92757, 0.443385, 0.833813, -0.328886, -0.89622, 0.406623, -0.177336, -0.322106, 10.3452, 0.453432)

[node name="Cone_006" parent="Armature/Skeleton3D/Cone_006" index="0"]
layers = 131072

[node name="Cone_007" parent="Armature/Skeleton3D" index="31"]
transform = Transform3D(0.789862, 0.0451296, 0.611622, -0.251107, -0.886063, 0.389665, 0.559521, -0.461364, -0.688535, -0.193836, 10.4562, 0.607099)

[node name="Cone_007" parent="Armature/Skeleton3D/Cone_007" index="0"]
layers = 131072

[node name="Cone_008" parent="Armature/Skeleton3D" index="32"]
transform = Transform3D(-0.702624, -0.106312, -0.703575, 0.380822, -0.891431, -0.245611, -0.601077, -0.440509, 0.666827, 0.176392, 10.4652, 0.635681)

[node name="Cone_008" parent="Armature/Skeleton3D/Cone_008" index="0"]
layers = 131072

[node name="Cone_009" parent="Armature/Skeleton3D" index="33"]
transform = Transform3D(-0.99979, -0.00502515, -0.0198598, 0.0155115, -0.818942, -0.573667, -0.0133812, -0.573855, 0.818848, 0.386521, 10.5474, 0.66068)

[node name="Cone_009" parent="Armature/Skeleton3D/Cone_009" index="0"]
layers = 131072

[node name="Cone_010" parent="Armature/Skeleton3D" index="34"]
transform = Transform3D(-0.913333, -0.212251, -0.347524, 0.362512, -0.812545, -0.456459, -0.185495, -0.542881, 0.819067, -0.516167, 10.6325, 0.706332)

[node name="Cone_010" parent="Armature/Skeleton3D/Cone_010" index="0"]
layers = 131072

[node name="Cone_011" parent="Armature/Skeleton3D" index="35"]
transform = Transform3D(0.137669, -0.141962, 0.980252, 0.516186, 0.854937, 0.0513196, -0.845339, 0.498928, 0.190977, -0.620037, 10.4744, 0.547342)

[node name="Cone_011" parent="Armature/Skeleton3D/Cone_011" index="0"]
layers = 131072

[node name="Cone_012" parent="Armature/Skeleton3D" index="36"]
transform = Transform3D(-0.92677, -0.267504, 0.263704, 0.129746, -0.88679, -0.443587, 0.352511, -0.376888, 0.856557, -0.386991, 10.5476, 0.682727)

[node name="Cone_012" parent="Armature/Skeleton3D/Cone_012" index="0"]
layers = 131072

[node name="Cone_013" parent="Armature/Skeleton3D" index="37"]
transform = Transform3D(-0.931476, 0.279914, -0.232379, -0.0443434, -0.721345, -0.691155, -0.361089, -0.63349, 0.684328, 0.54964, 10.6093, 0.673049)

[node name="Cone_013" parent="Armature/Skeleton3D/Cone_013" index="0"]
layers = 131072

[node name="Cone_014" parent="Armature/Skeleton3D" index="38"]
transform = Transform3D(0.947324, -0.302937, -0.103955, 0.17033, 0.751401, -0.637482, 0.271229, 0.586195, 0.76342, 0.702327, 10.547, 0.591642)

[node name="Cone_014" parent="Armature/Skeleton3D/Cone_014" index="0"]
layers = 131072

[node name="Cone_015" parent="Armature/Skeleton3D" index="39"]
transform = Transform3D(0.0803067, 0.823269, 0.561943, 0.344108, 0.506206, -0.790788, -0.935489, 0.256875, -0.242642, -0.784943, 10.6944, 0.714146)

[node name="Cone_015" parent="Armature/Skeleton3D/Cone_015" index="0"]
layers = 131072

[node name="Cone_016" parent="Armature/Skeleton3D" index="40"]
transform = Transform3D(-0.994665, -0.0996702, -0.026586, 0.10121, -0.893133, -0.438258, 0.0199365, -0.438611, 0.898456, 0.755811, 10.7228, 0.754456)

[node name="Cone_016" parent="Armature/Skeleton3D/Cone_016" index="0"]
layers = 131072

[node name="Cone_017" parent="Armature/Skeleton3D" index="41"]
transform = Transform3D(-0.901539, -0.416621, -0.116857, 0.403435, -0.711703, -0.575081, 0.156424, -0.565602, 0.809707, -0.662587, 10.6758, 0.756227)

[node name="Cone_017" parent="Armature/Skeleton3D/Cone_017" index="0"]
layers = 131072

[node name="Head_002" parent="Armature/Skeleton3D" index="42"]
transform = Transform3D(0.999852, 0.00988658, 0.0141056, -0.00256226, 0.895139, -0.445779, -0.0170338, 0.445677, 0.895032, -0.00398985, 10.4523, -0.379987)

[node name="Head_002" parent="Armature/Skeleton3D/Head_002" index="0"]
layers = 131072

[node name="Plate_009" parent="Armature/Skeleton3D" index="43"]
transform = Transform3D(0.984063, -0.170245, -0.0513481, 0.0870796, 0.713143, -0.695589, 0.155039, 0.680032, 0.716603, 0.0288092, 10.154, -0.594325)

[node name="Plate_009" parent="Armature/Skeleton3D/Plate_009" index="0"]
layers = 131072

[node name="Plate_008" parent="Armature/Skeleton3D" index="44"]
transform = Transform3D(0.943883, -0.280706, -0.174038, 0.0868414, 0.719326, -0.689223, 0.31866, 0.635432, 0.703336, 0.112832, 9.89499, -0.831036)

[node name="Plate_008" parent="Armature/Skeleton3D/Plate_008" index="0"]
layers = 131072

[node name="Plate_007" parent="Armature/Skeleton3D" index="45"]
transform = Transform3D(0.87567, -0.305873, -0.373689, 0.105312, 0.876159, -0.470378, 0.471286, 0.372542, 0.799438, 0.219384, 9.60326, -1.0075)

[node name="Plate_007" parent="Armature/Skeleton3D/Plate_007" index="0"]
layers = 131072

[node name="Plate_006" parent="Armature/Skeleton3D" index="46"]
transform = Transform3D(0.782478, -0.208294, -0.586807, 0.199474, 0.976578, -0.0806584, 0.589864, -0.0539393, 0.805699, 0.310136, 9.2662, -1.05561)

[node name="Plate_006" parent="Armature/Skeleton3D/Plate_006" index="0"]
layers = 131072

[node name="Plate_005" parent="Armature/Skeleton3D" index="47"]
transform = Transform3D(0.689558, -0.020237, -0.723948, 0.344968, 0.888105, 0.303755, 0.636795, -0.459195, 0.619381, 0.347648, 8.931, -0.954711)

[node name="Plate_005" parent="Armature/Skeleton3D/Plate_005" index="0"]
layers = 131072

[node name="Plate_004" parent="Armature/Skeleton3D" index="48"]
transform = Transform3D(0.606733, 0.162639, -0.77809, 0.47242, 0.713445, 0.517508, 0.639292, -0.681575, 0.356037, 0.317967, 8.64534, -0.743752)

[node name="Plate_004" parent="Armature/Skeleton3D/Plate_004" index="0"]
layers = 131072

[node name="Plate_003" parent="Armature/Skeleton3D" index="49"]
transform = Transform3D(0.506807, 0.277954, -0.81602, 0.537183, 0.638514, 0.551121, 0.674226, -0.717664, 0.174291, 0.235059, 8.39823, -0.486069)

[node name="Plate_003" parent="Armature/Skeleton3D/Plate_003" index="0"]
layers = 131072

[node name="Plate_002" parent="Armature/Skeleton3D" index="50"]
transform = Transform3D(0.360154, 0.302679, -0.882425, 0.511767, 0.726763, 0.458158, 0.779989, -0.616604, 0.106846, 0.129597, 8.1496, -0.24711)

[node name="Plate_002" parent="Armature/Skeleton3D/Plate_002" index="0"]
layers = 131072

[node name="Plate_001" parent="Armature/Skeleton3D" index="51"]
transform = Transform3D(0.17745, 0.209813, -0.961504, 0.351294, 0.89914, 0.261037, 0.919295, -0.384091, 0.0858462, 0.039105, 7.85182, -0.0715866)

[node name="Plate_001" parent="Armature/Skeleton3D/Plate_001" index="0"]
layers = 131072

[node name="Waist_001" parent="Armature/Skeleton3D" index="52"]
transform = Transform3D(-1, 1.50996e-07, 0, -1.50996e-07, -1, 0, 0, 0, 1, 2.96411e-17, 7.17, 0)

[node name="Waist_001" parent="Armature/Skeleton3D/Waist_001" index="0"]
layers = 131072

[node name="Calf_L_001" parent="Armature/Skeleton3D" index="53"]
transform = Transform3D(-1, -1.50996e-07, -5.54223e-13, 1.50955e-07, -0.999733, -0.0231276, 3.49169e-09, -0.0231276, 0.999733, 0.883497, 3.72317, 0.0863727)

[node name="Calf_L_001" parent="Armature/Skeleton3D/Calf_L_001" index="0"]
layers = 131072

[node name="Thigh_L_001" parent="Armature/Skeleton3D" index="54"]
transform = Transform3D(-1, -1.50996e-07, -2.38419e-07, 1.42948e-07, -0.999442, 0.0334017, -2.4333e-07, 0.0334017, 0.999442, 0.883497, 6.21944, 0.000654243)

[node name="Thigh_L_001" parent="Armature/Skeleton3D/Thigh_L_001" index="0"]
layers = 131072

[node name="Calf_R_001" parent="Armature/Skeleton3D" index="55"]
transform = Transform3D(1, 1.50996e-07, 1.50996e-07, 1.54448e-07, -0.999733, -0.0231276, -1.47464e-07, -0.0231276, 0.999733, -0.883503, 3.72317, 0.0863727)

[node name="Calf_R_001" parent="Armature/Skeleton3D/Calf_R_001" index="0"]
layers = 131072

[node name="Thigh_R_001" parent="Armature/Skeleton3D" index="56"]
transform = Transform3D(1, 1.50996e-07, 3.89415e-07, 1.37904e-07, -0.999442, 0.0334017, -3.94241e-07, 0.0334017, 0.999442, -0.883503, 6.21944, 0.000654276)

[node name="Thigh_R_001" parent="Armature/Skeleton3D/Thigh_R_001" index="0"]
layers = 131072

[node name="CollisionShape3D" type="CollisionShape3D" parent="." index="1"]
transform = Transform3D(1, 0, 0, 0, 1, 0, 0, 0, 1, 0, 6.754, 0)
shape = SubResource("CapsuleShape3D_rufnw")

[node name="NavigationAgent3D" type="NavigationAgent3D" parent="." index="2"]
path_desired_distance = 1.5
target_desired_distance = 1.5
path_height_offset = 0.25
path_max_distance = 10.01
path_postprocessing = 1
simplify_path = true
simplify_epsilon = 0.25
height = 13.5
radius = 1.94
max_speed = 27.5
use_3d_avoidance = true
debug_use_custom = true
debug_path_custom_point_size = 12.0

[node name="Area3D" type="Area3D" parent="." index="3"]
transform = Transform3D(1, 0, 0, 0, 1, 0, 0, 0, 1, 0, 12.016, -1.527)
collision_layer = 0
collision_mask = 2147483648

[node name="CollisionShape3D" type="CollisionShape3D" parent="Area3D" index="0"]
transform = Transform3D(1, 0, 0, 0, 1, 0, 0, 0, 1, 0, 0, 1.97595)
shape = SubResource("ConvexPolygonShape3D_hxyr0")

[node name="RayCast3D" type="RayCast3D" parent="." index="4"]
transform = Transform3D(1, 0, 0, 0, 1, 0, 0, 0, 1, 0, 12.088, 0)
target_position = Vector3(0, 0, -30)
collision_mask = 2147483663

[node name="ShapeCast3D" type="ShapeCast3D" parent="." index="5"]
transform = Transform3D(1, 0, 0, 0, 1, 0, 0, 0, 1, 0, 8, 0)
shape = SubResource("CylinderShape3D_lx5xo")
target_position = Vector3(0, 1, 0)
margin = 0.5
max_results = 1
collision_mask = 15
debug_shape_custom_color = Color(0.219608, 0.615686, 0.164706, 1)

[node name="RotateCast3D" type="ShapeCast3D" parent="." index="6"]
transform = Transform3D(1, 0, 0, 0, 1, 0, 0, 0, 1, 0, 6.75, 0)
shape = SubResource("CylinderShape3D_wmbv0")
target_position = Vector3(0, 0, 0)
margin = 0.5
max_results = 1
collision_mask = 1073741824
collide_with_areas = true
collide_with_bodies = false
debug_shape_custom_color = Color(0.737255, 0.113725, 0.737255, 1)

[node name="HitBox3D" type="Area3D" parent="." index="8"]
transform = Transform3D(1, 0, 0, 0, 0.734713, -0.678378, 0, 0.678378, 0.734713, 3.05726, 6.46416, -0.879726)
collision_layer = 67108864
collision_mask = 2147483648
script = ExtResource("3_u70bt")

[node name="CollisionShape3D" type="CollisionShape3D" parent="HitBox3D" index="0"]
shape = SubResource("CapsuleShape3D_ejftg")

[node name="HitBox3D2" type="Area3D" parent="." index="9"]
transform = Transform3D(1, 0, 0, 0, 0.734713, -0.678378, 0, 0.678378, 0.734713, -3.057, 6.464, -0.88)
collision_layer = 67108864
collision_mask = 2147483648
script = ExtResource("3_u70bt")

[node name="CollisionShape3D" type="CollisionShape3D" parent="HitBox3D2" index="0"]
shape = SubResource("CapsuleShape3D_ejftg")

[node name="PainHSM" parent="." index="10" node_paths=PackedStringArray("holder", "health_bar") instance=ExtResource("4_j0xng")]
holder = NodePath("..")
health_bar = NodePath("../HealthBar")
health = 1500
current_health = 1500
current_max_health = 1500
fire_damage_multiplier = 2

[node name="HealthBar" parent="." index="11" instance=ExtResource("5_jtt33")]

[connection signal="target_reached" from="NavigationAgent3D" to="." method="_on_target_reached"]
[connection signal="velocity_computed" from="NavigationAgent3D" to="." method="_on_velocity_computed"]
[connection signal="body_entered" from="Area3D" to="." method="_on_area_entered"]
[connection signal="body_exited" from="Area3D" to="." method="_on_area_exited"]
[connection signal="body_entered" from="HitBox3D" to="HitBox3D" method="body_entered"]
[connection signal="area_entered" from="HitBox3D2" to="HitBox3D2" method="body_entered"]
